80460.8
78267.8
79339.2
79135.7
79936.8
79154.9
79434.4
80127.1
80760.1
80328.1
80256.3
79391.2
79564.8
79437.1
80571.7
80209
81017.1
81496.8
81491.7
79389.5
81719.2
79216.2
81176.2
79718.6
83467.5
79680.7
81947.5
80267.9
81554.2
79556.3
80828
79162.5
81397.6
80328.3
80611.9
80637.3
81754.6
80360.2
81597.5
81053
81338.3
81185.8
83239.8
82228.5
82919.3
82187
83097.2
82074
82877.1
81716.8
83235.4
81591.2
84573
81656.2
83841.9
81643.1
83866.7
81805.3
83076.4
81644.1
83322.4
81844.6
83412.7
82121.4
83194.8
82470.8
83639.1
82821.1
82653.4
82292.2
84266.2
81949
82838.8
83478.4
82959
81493.2
84078.5
82608.4
83264.5
82287.7
83034
82542.3
83465.5
83012.6
83205.9
84264.4
84030.2
82108.5
83169.8
82834.9
83269.7
82204.5
83870.4
84565.1
85015
83186.1
84092.6
83405
84834
83151.1
