209.8
311
384.9
451.7
518
594.9
674.8
710.2
807.8
906
929.1
1016.9
1082.9
1146.2
1249.5
1320.9
1368.2
1464.6
1561.8
1603.4
1682
1764.1
1834.8
1908.2
1977.1
2053
2127.9
2230
2282.9
2342.1
2445
2532.2
2568.5
2643.4
2699.3
2823
2909.7
2948.8
3048.1
3119.1
3190.6
3302.7
3364.6
3444.8
3465.6
3531.6
3655.7
3667
3782.4
3865.8
3942
4041.7
4105.3
4116.2
4211.2
4320.8
4349.8
4452.9
4461
4591.9
4727.6
4690.6
4803.5
4854.8
4962
4990.8
5091.6
5224.5
5260.6
5309.6
5378.1
5454.7
5555.3
5585
5681.3
5743.7
5830.1
6007.2
5960.3
6103.6
6105.2
6200.7
6261.3
6387.8
6380.6
6558.2
6571.7
6642.7
6712.6
6795
6942.9
6875.6
7005.5
7106.8
7195.4
7261.1
7353.9
7366.6
7460
7506.3
