89.2
170.3
257.6
337.9
422.1
495.1
599
660
788.8
810.4
943
1009.1
1112.3
1246.8
1403.2
1399.6
1476.5
1613.8
1664.1
1735.9
1801.6
1910
1955.1
2031.6
2126.3
2126.3
2314.2
2398.2
2487.4
2538
2631.6
2700.5
2739.2
2757.6
2852.1
2993.6
2992.5
3086.3
3135.2
3201.9
3331.8
3365.6
3440.4
3524.4
3606.9
3843.2
3877.9
3950
3969.6
3963.7
4377.1
4488.5
4494.3
4623.9
4744.3
4825.7
4883.7
4994.5
4979.8
5094.5
5193.9
5187.9
5113
5178.1
5301.5
5368.6
5260.5
5209.5
5306.4
5457.7
5388.6
5435.5
5535.1
5639.2
5751.9
5939.9
6057.1
5947.5
6218.8
6323.1
6425.4
6499.3
6333.5
6455.1
6569.2
6575.5
6607.1
6719.3
6774.1
6792.8
6933.4
7012.5
7039.7
7185.1
7207.2
7289.5
7319.3
7414.1
7518.8
7632.9
