15733.3
14240
16743.7
14647.4
16079.8
15127
14445.3
15165.9
15569.3
14405.2
14816.3
14563.6
15539.7
16654.2
15169.9
15375.6
14935.1
15250.4
15053.4
15334.2
14994.6
14403.2
15096.8
14866.4
15306.4
14734.7
14661.3
14702.4
14960.6
14518.3
14745.6
14827.2
15085.7
15212.1
15110
14891
15052.6
15693.8
15173.7
14943
15072.7
15055.5
15108.5
14773.2
15227.1
15365.3
15546.5
15571.4
15823.9
15616.8
15862.1
15728.1
15322.3
15735.2
15619.2
15287.1
15332.2
15616.2
15543.3
15552.3
15732.9
15600.2
15424.6
15945.5
15811.8
15767
15926
15799
15777.3
15843.4
15819.5
15863.4
16000.5
15832.1
15648.8
16078.8
15951.1
15873.6
16561.2
16333.5
15818.2
16300.2
16005.9
16021.9
15942.5
16238.8
16138.3
16329.9
16175.8
16219.3
16008.3
16214.1
16063.1
16043.6
16652.6
16111.6
16484.2
16456.6
16619
16383.5
