722.5
996.9
1280.7
1790
2191.6
2426.6
2630.2
2955.3
3389.6
3718.5
4039
4099.6
4200.5
5249.6
5661.8
5452.3
5722.2
6393.6
6561.5
6766.7
6912.2
7474
7646.2
8028.8
8368.8
8338
8982.6
9227.4
9276.8
9797
9965.3
10284.2
10788.2
10528.4
11049.4
11534.4
11762.3
12090.9
12302
12509.7
12837.4
12802.7
13416.4
13829.6
14426.3
14397.2
14878.7
14940.4
15421.1
15958.6
16592.6
16624.9
17208.5
17187.7
17602.6
17647.4
18248.9
18519.5
18764.1
19230.1
19286.7
19591.9
19174
19758.8
20068.8
20277.8
20775.6
20747.3
21151.9
20812.5
21436.5
21578.3
21987.9
22725.7
22635
23361.4
23247.4
23623.9
23922.9
24248
24641.8
25007.9
24666.5
25476.5
25640.9
25834.5
26233.4
26655
26747.2
27013.3
26988.9
27368.5
27531.3
27874
27993.3
28304.8
28684.5
29027.9
29827.7
29777.9
