86484.2
50450.6
48745.1
49035.8
48401.7
49142
51258.7
51650.7
51716.2
51855
53078
54582.9
52652.2
54188.7
56537.1
55321.9
56542.3
57051.6
57499.7
58857.4
59495.6
60646.6
60739.7
61396.7
63213.6
63621.9
65171.5
65749
65667.5
66947.8
66337
68549.5
68707.3
69074.6
69964.5
70420.5
72122.6
73912.6
72328.6
73259.2
75347.2
75925.4
77764
75715.2
79280.9
77644.2
80788.6
79560.2
80986.4
80375.7
82749.3
82947.6
84899.2
83894.9
86314.5
85901.3
87217.9
86793.9
88894.7
87689.7
89243.6
87933.3
92082.3
91660.1
93243.3
91679.7
95585.9
93474
95151.4
94991.4
96312.4
96307.8
98179.6
98529.4
100843
99118.8
102928
100707
102060
101506
104793
103262
107410
104748
107020
105585
108723
107390
110167
109460
112548
109489
113186
112046
115282
113400
115801
115537
117740
116570
